,Arfgef1,Myo1b,Gm973,Cyp20a1,Cxcr1,Zp3r,Cacna1s,Atf6,Fmn2,Clic3,Pkn3,Lrrc55,Olfr1225,Lgr4,Mertk,Spinlw1,4930443G12Rik,Usp24,Akap9,Scarb1,Clcn1,Kbtbd2,Alms1,Tprkb,Zfp9,Fkbp4,Clec12a,Tmtc1,Crxos1,Herc2,Ttll13,St5,Acsm1,Acadsb,Muc5b,Efha2,Ntpcr,Dpy19l2,Ncapd3,Mpzl2,Mmp11,Ap3d1,Ric8b,Utp20,Ptprq,Osbp2,Abca13,Adamts2,Hic1,Plekhm1,Itgb1bp1,Fancm,Ppp1r36,Vmn1r200,Cntnap3,Naip1,Psme1,Dpysl2,2410089E03Rik,Zdhhc8,Dvl3,Prss41,Col11a2,Spink10,Olfr1475
Arfgef1,1,0.59987589502821,0.46405474522198,0.59987589502821,0.801438406140787,0.655324322802652,0.681070038166638,0.838264685337108,0.838264685337108,0.138743853417262,0.138743853417262,0.932889737013704,0.483076013643189,0.484990805300881,0.909361751597707,0.696071772153512,0.0053560148439945,0.696310278262013,0.368977557193821,0.129148195115069,1.29782593339991e-07,2.70273683592017e-08,0.000255272083075616,0.000255272083075616,0.00366869195158498,0.0217688141690807,0.0217688141690807,0.355307490237424,0.720772397834707,0.314003789495046,0.158688986192616,0.493310005488525,0.963059675834485,0.941849409305564,0.90397442668955,0.921393884208292,0.109965703275136,5.23266920745103e-05,5.23266920745103e-05,0.00174212816571368,0.154709269966923,0.154709269966923,0.154709269966923,0.154709269966923,0.0346277635066774,0.324647257559183,0.378570386293303,0.0281254397841392,0.217609408631027,0.298089769858377,0.568029828895362,0.560732054371865,0.740274092650768,0.218156014355185,0.207732092470849,0.0867690001895014,0.0583719363338158,0.0583719363338158,0.59463787061732,0.773997911337477,0.357688719427066,0.0168065996599437,0.229098758414166,0.819478603978558,0.922561535378251
Myo1b,0.59987589502821,1,0.298241712504482,0.32251369305933,0.683464626923926,0.966243258831793,0.943453817890258,0.816293745006533,0.851349931121091,0.550836961236083,0.636943942443548,0.668211959878987,0.286993081643512,0.281829529530124,0.658987954816164,0.857466976654559,0.143424185404825,0.298799347991474,0.807829724336942,0.285393133043322,0.0792155647693176,0.0539897467164904,0.124535174465235,0.124535174465235,0.408072836119268,0.697287481105477,0.697287481105477,0.183556022507611,0.940200527088481,0.658675508766816,0.440425468202147,0.864451547227385,0.271246566447254,0.211786341659276,0.221233972094782,0.420939490577981,0.444851310106735,0.370425501770291,0.370425501770291,0.951039405963838,0.542159207017392,0.542159207017392,0.542159207017392,0.542159207017392,0.312517947340411,0.503702356581811,0.48643068855972,0.20418582474792,0.306794979688067,0.524963039076872,0.941587442549446,0.996338491211872,0.9210295110846,0.495689599868128,0.5154917157015,0.983619048765712,0.874428247310656,0.874428247310656,0.896594946866542,0.700029206806943,0.702925298352229,0.128254716878888,0.110962413582542,0.447564456962873,0.683020590551997
Gm973,0.46405474522198,0.298241712504482,1,0.298241712504482,0.298241712504482,0.922128318358172,0.965283534766535,0.72675749179359,0.72675749179359,0.797916971283873,0.961151964481387,0.185249204069941,0.185249204069941,0.141406191688225,0.141406191688225,0.0422807127328807,0.348727127908038,0.729779259001294,0.501570248347731,0.526382050498,0.00516248812208874,0.0527036530351175,0.240361873030891,0.240361873030891,0.390634801941303,0.426069795563563,0.426069795563563,0.941476536890602,0.354736600368777,0.878623659565601,0.753265405508608,0.951675705021779,0.951675705021779,0.951675705021779,0.964622972190994,0.722090447506266,0.829450631070391,0.419213191071124,0.419213191071124,0.384719665779238,0.662584371795292,0.662584371795292,0.662584371795292,0.662584371795292,0.768880597841448,0.801609161426519,0.771462678244483,0.482157924834364,0.02635889960305,0.559759255574028,0.647432379595909,0.598395447766559,0.598395447766559,0.690558554431223,0.419297948919364,0.345647069616233,0.573370803992709,0.573370803992709,0.73548600086845,0.258003988766825,0.824223976639269,0.454145226127297,0.509161227229987,0.163783257561429,0.256115439446506
Cyp20a1,0.59987589502821,0.32251369305933,0.298241712504482,1,0.748913196157615,0.9095713703197,0.886394464283135,0.760187349956359,0.805580907525321,0.625971959301124,0.704737338099848,0.759565196439149,0.341124349689913,0.330745931411782,0.745238786289708,0.955386948164266,0.143424185404825,0.298799347991474,0.807829724336942,0.285393133043322,0.0792155647693176,0.0656774073036105,0.135577824307383,0.135577824307383,0.449841323090532,0.62307032279237,0.62307032279237,0.157987756344018,0.876251958676554,0.722172542229817,0.570667405987131,0.995165836339538,0.233918606258483,0.200473266589205,0.216741720008761,0.377004353368284,0.444851310106735,0.50304221479123,0.50304221479123,0.837796742039736,0.542159207017392,0.542159207017392,0.542159207017392,0.542159207017392,0.312517947340411,0.442487846265958,0.422133715266157,0.235595560889491,0.261720044491444,0.454323238548869,0.941587442549446,0.937426025356764,0.874433419866245,0.495689599868128,0.5154917157015,0.934864794180648,0.874428247310656,0.874428247310656,0.998002284524412,0.767722219157705,0.755527612653718,0.139562695889414,0.110962413582542,0.512933224792657,0.776021980889769
Cxcr1,0.801438406140787,0.683464626923926,0.298241712504482,0.748913196157615,1,0.524483171593597,0.497772488087723,0.311459795528032,0.339504947964097,0.825597998384386,0.813510969309897,0.939195518492327,0.65136551072855,0.639550033143218,0.948704593219175,0.627596252102587,0.435896291371246,0.165790869938207,0.820413978921149,0.181449264911665,0.157831452609838,0.172027746329764,0.393788690251505,0.393788690251505,0.831067120507369,0.547553922100614,0.547553922100614,0.107234982915753,0.417159092131702,0.741762246674932,0.952627773460767,0.571412562177256,0.216741720008761,0.216741720008761,0.216741720008761,0.262462883785548,0.990113081384376,0.889519297134515,0.889519297134515,0.796867501337582,0.984081395983053,0.984081395983053,0.984081395983053,0.984081395983053,0.779945490411151,0.401712391611147,0.401712391611147,0.572119277196165,0.199472578623003,0.432201059447214,0.560576209726562,0.39714982191346,0.409503820884464,0.828608851764451,0.810364637873979,0.929749064750775,0.874682120961624,0.874682120961624,0.664132358588763,0.633531702767807,0.811790944311402,0.430882942747687,0.316217612076712,0.990739040838379,0.883112004960158
Zp3r,0.655324322802652,0.966243258831793,0.922128318358172,0.9095713703197,0.524483171593597,1,0.726571113537851,0.652192304493972,0.654444139673414,0.634465943681479,0.711394033801078,0.582508421074074,0.878671829856906,0.896577683660802,0.592468846437624,0.401108898342924,0.105619788071896,0.818277936907814,0.884250767221688,0.519496938136202,0.000510856576693976,0.000993651724385654,0.0749127117339892,0.0749127117339892,0.187479046634861,0.274353366232394,0.274353366232394,0.834936252668098,0.901912556914868,0.808740602737391,0.706116319383892,0.903611991164801,0.608986597893647,0.618503637879938,0.665526423372616,0.824440016597198,0.334603517573332,0.188995849537666,0.188995849537666,0.0450211671880424,0.74807045136982,0.74807045136982,0.74807045136982,0.74807045136982,0.484912822028643,0.815652006218558,0.815779342473089,0.226754017354885,0.169835848254878,0.907630148138262,0.908338657148948,0.981843314847469,0.858743303789665,0.297509699833513,0.236740923604365,0.176292929205719,0.589054458616527,0.589054458616527,0.910542257175106,0.430445946527723,0.832166439238843,0.24449622744034,0.803525693235322,0.847215760350368,0.593074944130687
Cacna1s,0.681070038166638,0.943453817890258,0.965283534766535,0.886394464283135,0.497772488087723,0.726571113537851,1,0.668155182053891,0.670407674488366,0.634465943681479,0.711394033801078,0.566343945124822,0.86079284707582,0.890733380122206,0.592426873732529,0.38633203278174,0.105619788071896,0.834330659702574,0.90713422321514,0.500642573159558,0.000510856576693976,0.000993651724385654,0.0800484353535668,0.0800484353535668,0.19687497744729,0.289419413714054,0.289419413714054,0.874511505856342,0.901912556914868,0.83034993472528,0.724401691626369,0.884875462207083,0.592539333414548,0.59813641036826,0.642448247876733,0.775715693044609,0.371907982490495,0.175819065478054,0.175819065478054,0.0400518125326815,0.734180549619468,0.734180549619468,0.734180549619468,0.734180549619468,0.470734491884417,0.84206823756074,0.84501344322279,0.241418548830086,0.161934222021219,0.89043851059166,0.968205877087855,0.979670361397326,0.831413669685543,0.333655637730321,0.285980580334181,0.195234602076692,0.579507260258909,0.579507260258909,0.910542257175106,0.421905680283639,0.897646776500038,0.25948745466033,0.829509685915775,0.862738038086906,0.578311078913336
Atf6,0.838264685337108,0.816293745006533,0.72675749179359,0.760187349956359,0.311459795528032,0.652192304493972,0.668155182053891,1,0.483477989215237,0.820087335802074,0.850591187014752,0.681806452604433,0.9873508149496,0.892961619814886,0.800356220124837,0.284837544601556,0.0178702206939111,0.65716987777701,0.963658230232923,0.615115928068172,1.1140448559606e-05,6.76455656601767e-05,0.00855189123972884,0.00855189123972884,0.0533833718988598,0.182243306943544,0.182243306943544,0.72388647319842,0.546274996564119,0.925433904272736,0.473983237411191,0.801034107317382,0.518467118213849,0.489650796260944,0.508938948639006,0.552553280962608,0.755573925360854,0.115143359331957,0.115143359331957,0.0338247898194764,0.443095187697707,0.443095187697707,0.443095187697707,0.443095187697707,0.326789102229907,0.861830757034734,0.862620438314314,0.221458481303347,0.0741273169945108,0.73620539502998,0.63236438811757,0.583637275724184,0.532646406094359,0.655039578833662,0.572479990308858,0.246043570953192,0.56997327001648,0.56997327001648,0.748965216037261,0.313253811398788,0.984336701075594,0.168045473948208,0.663315085675541,0.582334167547279,0.682614032994745
Fmn2,0.838264685337108,0.851349931121091,0.72675749179359,0.805580907525321,0.339504947964097,0.654444139673414,0.670407674488366,0.483477989215237,1,0.820087335802074,0.850591187014752,0.729297085544344,0.991507570272414,0.905705692642084,0.831467947791635,0.388132540229106,0.0178702206939111,0.669915712717907,0.972395344246007,0.620423639083873,7.63340736221445e-05,6.76455656601767e-05,0.0154662168481268,0.0154662168481268,0.0723400803483442,0.214997076389596,0.214997076389596,0.728553657022075,0.546274996564119,0.925433904272736,0.473983237411191,0.801034107317382,0.518467118213849,0.489650796260944,0.508938948639006,0.55971291971727,0.755573925360854,0.119944798165973,0.119944798165973,0.0338247898194764,0.467627153569454,0.467627153569454,0.467627153569454,0.467627153569454,0.326789102229907,0.861830757034734,0.862620438314314,0.221458481303347,0.0935628211538149,0.73620539502998,0.635270712988785,0.586667142349188,0.580098633268411,0.665166866645609,0.586034488027436,0.312936918358884,0.56997327001648,0.56997327001648,0.754228975386945,0.336667522508804,0.987279838412451,0.197644974902428,0.684467503652134,0.604550424328759,0.717332394521395
Clic3,0.138743853417262,0.550836961236083,0.797916971283873,0.625971959301124,0.825597998384386,0.634465943681479,0.634465943681479,0.820087335802074,0.820087335802074,1,0.732642695470088,0.915156038157014,0.641966371430763,0.764622834230924,0.791572898299737,0.491736457181028,0.0168603451532447,0.846349710631176,0.579509635008474,0.0734314611557374,1.32463284793908e-07,6.18733812208362e-07,5.66540922218194e-06,5.66540922218194e-06,0.000109190948249695,0.0211032795528316,0.0211032795528316,0.613721896017076,0.777398472614814,0.44778208144071,0.366056310430454,0.584546591204623,0.982089856448622,0.988424366578281,0.782175051653943,0.739206247279034,0.173908553592173,0.043767350263909,0.043767350263909,0.0395442922297271,0.106185022277034,0.106185022277034,0.106185022277034,0.106185022277034,0.0927354048219003,0.980108234346791,0.970439558049216,0.465065152302008,0.278787261742784,0.531202037829623,0.440280187177227,0.543250387611536,0.737354704613557,0.58876476319265,0.195421378948539,0.375760757600427,0.570576819231886,0.570576819231886,0.648992466973044,0.729622837422648,0.417733571315162,0.238633451620549,0.63640804685323,0.87198645262745,0.995540484131084
Pkn3,0.138743853417262,0.636943942443548,0.961151964481387,0.704737338099848,0.813510969309897,0.711394033801078,0.711394033801078,0.850591187014752,0.850591187014752,0.732642695470088,1,0.776403823507868,0.819275520552553,0.90979162867478,0.549659514311509,0.317529164748517,0.0475524253532196,0.949556785039983,0.742979310482595,0.207991047996471,0.000225560579669237,0.000415464004970343,0.000189797639720125,0.000189797639720125,0.00180425714208448,0.0399552355241836,0.0399552355241836,0.761529323609846,0.953761835532075,0.587276081235691,0.533867555909094,0.807834011255912,0.771805625126922,0.779914057715206,0.916971635569582,0.597341573312131,0.20974991113339,0.238276448903448,0.238276448903448,0.122789225067756,0.302794852554355,0.302794852554355,0.302794852554355,0.302794852554355,0.279510260748707,0.985691583838579,0.998195417909955,0.478478193756749,0.113538980465633,0.816863266265827,0.750712169106165,0.846129200040139,0.997125927276979,0.549544691266392,0.195421378948539,0.592465910116299,0.821776722643964,0.821776722643964,0.652976786533883,0.718508508971801,0.559754545373505,0.138867959782582,0.525741144624055,0.678420109872088,0.722908787568769
Lrrc55,0.932889737013704,0.668211959878987,0.185249204069941,0.759565196439149,0.939195518492327,0.582508421074074,0.566343945124822,0.681806452604433,0.729297085544344,0.915156038157014,0.776403823507868,1,0.668262489907806,0.633257282102301,0.417955583209434,0.286259997232374,0.885585395227322,0.16593269667056,0.471081779011186,0.156353115557001,0.599359530063639,0.728227595935166,0.812651692208189,0.812651692208189,0.446287132830679,0.164543984250448,0.164543984250448,0.148868140395049,0.43013628801034,0.434984931617673,0.531533186686811,0.550989054129315,0.358786128498456,0.32081052458603,0.381626068349052,0.438886518261933,0.722942226483992,0.42734390609192,0.42734390609192,0.172838077837303,0.532955967222861,0.532955967222861,0.532955967222861,0.532955967222861,0.520865486963997,0.665671098060584,0.62890839561947,0.933155083074532,0.1348777377953,0.256073533175587,0.728646420620739,0.406581811326656,0.472298388716388,0.718574388770595,0.729089250736046,0.611361838062266,0.600933700799545,0.600933700799545,0.542470146972778,0.582909711942764,0.513917895747994,0.761614147440715,0.874519572141405,0.784331021650811,0.399127326662435
Olfr1225,0.483076013643189,0.286993081643512,0.185249204069941,0.341124349689913,0.65136551072855,0.878671829856906,0.86079284707582,0.9873508149496,0.991507570272414,0.641966371430763,0.819275520552553,0.668262489907806,1,0.880680851036749,0.633257282102301,0.500424553109378,0.373933337484,0.16593269667056,0.775069031219597,0.156353115557001,0.212359160234854,0.270174226695109,0.565286627644265,0.565286627644265,0.812651692208189,0.164543984250448,0.164543984250448,0.148868140395049,0.893640608916407,0.893189196188707,0.802876143170578,0.791093291180275,0.358786128498456,0.32081052458603,0.381626068349052,0.438886518261933,0.751302882979996,0.722029174883774,0.722029174883774,0.172838077837303,0.972245839842829,0.972245839842829,0.972245839842829,0.972245839842829,0.950014102210134,0.665671098060584,0.62890839561947,0.525372448867978,0.1348777377953,0.256073533175587,0.830487993628582,0.806118294871954,0.774208654548683,0.39874881334254,0.457793464963952,0.611361838062266,0.600933700799545,0.600933700799545,0.765807513923319,0.994514403098486,0.905086217025641,0.269469841055519,0.316225290042573,0.736876092864488,0.607686200954541
Lgr4,0.484990805300881,0.281829529530124,0.141406191688225,0.330745931411782,0.639550033143218,0.896577683660802,0.890733380122206,0.892961619814886,0.905705692642084,0.764622834230924,0.90979162867478,0.633257282102301,0.880680851036749,1,0.501288573583613,0.363650631972947,0.803492258293226,0.164332669084313,0.657468910555042,0.139021450289508,0.313545472121914,0.386579319335045,0.675803602322278,0.675803602322278,0.695421384566667,0.137736477047028,0.137736477047028,0.131521912059516,0.745287179500296,0.766754571012634,0.718618070581805,0.765838078397505,0.320782209420572,0.255161445574702,0.309950951410099,0.427411818258849,0.827190499578865,0.493741602736489,0.493741602736489,0.185705486475782,0.784787831758915,0.784787831758915,0.784787831758915,0.784787831758915,0.886810484997012,0.686021817000544,0.641530103439253,0.543585987843519,0.117071210761746,0.232468979323321,0.979654502235759,0.667355382122995,0.640935417077675,0.492194555896784,0.515086079547677,0.508213992631374,0.51752326549416,0.51752326549416,0.884253621981259,0.982561429122074,0.750943965207411,0.251440161538018,0.29994342049771,0.935042434346994,0.488686376938779
Mertk,0.909361751597707,0.658987954816164,0.141406191688225,0.745238786289708,0.948704593219175,0.592468846437624,0.592426873732529,0.800356220124837,0.831467947791635,0.791572898299737,0.549659514311509,0.417955583209434,0.633257282102301,0.501288573583613,1,0.212555469505547,0.723045595013348,0.164332669084313,0.381969840680498,0.139021450289508,0.812343602856246,0.934100743026721,0.695421384566667,0.695421384566667,0.374008691802968,0.137736477047028,0.137736477047028,0.131521912059516,0.349760682696635,0.390268015307474,0.470037267063524,0.514764021317011,0.320782209420572,0.255161445574702,0.309950951410099,0.427411818258849,0.64527998442544,0.285493556280835,0.285493556280835,0.185705486475782,0.484357785503303,0.484357785503303,0.484357785503303,0.484357785503303,0.465346763314933,0.686021817000544,0.641530103439253,0.941994304914041,0.117071210761746,0.232468979323321,0.628559788742133,0.307991368201345,0.399684928606085,0.770330347198677,0.757848353513739,0.508213992631374,0.51752326549416,0.51752326549416,0.622865408903659,0.616204785700373,0.393963494860022,0.738182506408189,0.85070412807537,0.642342695143348,0.298385413378423
Spinlw1,0.696071772153512,0.857466976654559,0.0422807127328807,0.955386948164266,0.627596252102587,0.401108898342924,0.38633203278174,0.284837544601556,0.388132540229106,0.491736457181028,0.317529164748517,0.286259997232374,0.500424553109378,0.363650631972947,0.212555469505547,1,0.751306131708979,0.00823833411484648,0.108469252642638,0.0133096237540101,0.989467767229608,0.918541453374442,0.479133673046135,0.479133673046135,0.264351543324442,0.0982289448718466,0.0982289448718466,0.00578041073331039,0.0449481991596818,0.0930329443114413,0.316665655973713,0.289731302774405,0.135342378843526,0.136145731100115,0.185181646097261,0.0335009903709103,0.211116448458814,0.173326180726045,0.173326180726045,0.112921724831833,0.34846977964425,0.34846977964425,0.34846977964425,0.34846977964425,0.288859133985755,0.372761971838087,0.338267267170419,0.891262319507574,0.0128993461325443,0.18009275260525,0.0824185427608581,0.0432735933009519,0.0941492210053982,0.99580441123129,0.882158693534727,0.472649946688927,0.478240301511285,0.478240301511285,0.320431462694035,0.221244670890073,0.114371367069356,0.706348518166791,0.975752654891388,0.185198079515608,0.211494923939798
4930443G12Rik,0.0053560148439945,0.143424185404825,0.348727127908038,0.143424185404825,0.435896291371246,0.105619788071896,0.105619788071896,0.0178702206939111,0.0178702206939111,0.0168603451532447,0.0475524253532196,0.885585395227322,0.373933337484,0.803492258293226,0.723045595013348,0.751306131708979,1,0.399495196148695,0.248906156358058,0.0136071223825992,1.21761939199868e-06,4.69529219762156e-07,1.955706422632e-05,1.955706422632e-05,0.00338128379706814,0.0657926002651376,0.0657926002651376,0.126411663418286,0.0289007243042981,0.0375702822868973,0.021662727512001,0.021662727512001,0.230662178505482,0.230662178505482,0.230662178505482,0.399495196148695,0.0116935351338173,0.024493741217986,0.024493741217986,0.0853643232850272,0.190692165503046,0.190692165503046,0.190692165503046,0.190692165503046,0.0289007243042981,0.0877780859826897,0.0877780859826897,0.0350010258250448,0.299546230001989,0.292226363368796,0.021662727512001,0.0840211814504306,0.211819439972236,0.0351775090531142,0.000810579157591752,0.191927068242983,0.137495172792541,0.137495172792541,0.0845628672951692,0.508346547512516,0.0857870008831303,0.0146799012761968,0.184883897860538,0.654897518723801,0.857624029590102
Usp24,0.696310278262013,0.298799347991474,0.729779259001294,0.298799347991474,0.165790869938207,0.818277936907814,0.834330659702574,0.65716987777701,0.669915712717907,0.846349710631176,0.949556785039983,0.16593269667056,0.16593269667056,0.164332669084313,0.164332669084313,0.00823833411484648,0.399495196148695,1,0.354141208085554,0.511485738082334,0.00068526427702235,0.0115957516418974,0.264676004913222,0.264676004913222,0.315711163823556,0.366239591708887,0.366239591708887,0.935727785525373,0.2607679552875,0.662902321442499,0.888655301408746,0.772824175753856,0.772824175753856,0.748608868488786,0.800526693381878,0.474738166701221,0.784050686336163,0.406795699113845,0.406795699113845,0.325500020750024,0.960184661406168,0.960184661406168,0.960184661406168,0.960184661406168,0.943357769358098,0.685905205846337,0.685905205846337,0.399004344485216,0.00151062836969987,0.610548896125695,0.227193255461832,0.195172589540698,0.210046079856845,0.71415372182416,0.415680271998323,0.250309208388271,0.371950431656244,0.371950431656244,0.76307293696794,0.0676824070151089,0.483254451763353,0.452459939603524,0.279361247770765,0.0589805288703791,0.140867442560276
Akap9,0.368977557193821,0.807829724336942,0.501570248347731,0.807829724336942,0.820413978921149,0.884250767221688,0.90713422321514,0.963658230232923,0.972395344246007,0.579509635008474,0.742979310482595,0.471081779011186,0.775069031219597,0.657468910555042,0.381969840680498,0.108469252642638,0.248906156358058,0.354141208085554,1,0.802644283695797,0.0269145664945229,0.015418785700785,0.286743111406087,0.286743111406087,0.515647576722873,0.861536173857112,0.861536173857112,0.700851451641633,0.584180375470566,0.883297651887298,0.826753303181512,0.837633870190234,0.696780917135952,0.689040340583299,0.804182975001594,0.433999991765305,0.926868472923222,0.622990214325409,0.622990214325409,0.908262366851079,0.848614580725109,0.848614580725109,0.848614580725109,0.848614580725109,0.725589688378644,0.893102183322558,0.911967875230557,0.473041627971608,0.0157612714672178,0.833024500027298,0.707601517856879,0.322727046805918,0.377739662506203,0.536621939067299,0.385772046212846,0.585202760054693,0.775520503730382,0.775520503730382,0.866131254064624,0.42545163579512,0.89153129679936,0.234961925914005,0.997570541966154,0.376923473658279,0.377940961083772
Scarb1,0.129148195115069,0.285393133043322,0.526382050498,0.285393133043322,0.181449264911665,0.519496938136202,0.500642573159558,0.615115928068172,0.620423639083873,0.0734314611557374,0.207991047996471,0.156353115557001,0.156353115557001,0.139021450289508,0.139021450289508,0.0133096237540101,0.0136071223825992,0.511485738082334,0.802644283695797,1,0.000107919628197914,0.000760349106853716,0.10459310231158,0.10459310231158,0.114618017690138,0.0947614009797049,0.0947614009797049,0.0969232298705338,0.936179014155059,0.705241776637537,0.494899793922604,0.489937018535339,0.489937018535339,0.433623199286074,0.372838478348257,0.796469055761566,0.490154709816641,0.0580982891237505,0.0580982891237505,0.0871998156185884,0.459691167688617,0.459691167688617,0.459691167688617,0.459691167688617,0.326966430649696,0.0783228991997081,0.0964963172522195,0.0524306304902478,0.00132651337204666,0.0799293900009422,0.974575995984032,0.625177661582218,0.554798354522298,0.128190831563993,0.125542852910144,0.0138381770867371,0.0818223778707839,0.0818223778707839,0.751732727906739,0.097248437414151,0.706905798896242,0.0290907832995709,0.21854598417381,0.0462533164300627,0.0828971348330825
Clcn1,1.29782593339991e-07,0.0792155647693176,0.00516248812208874,0.0792155647693176,0.157831452609838,0.000510856576693976,0.000510856576693976,1.1140448559606e-05,7.63340736221445e-05,1.32463284793908e-07,0.000225560579669237,0.599359530063639,0.212359160234854,0.313545472121914,0.812343602856246,0.989467767229608,1.21761939199868e-06,0.00068526427702235,0.0269145664945229,0.000107919628197914,1,1.11904600734869e-10,5.51431441177915e-07,5.51431441177915e-07,2.7553058718413e-06,0.000464169021819666,0.000464169021819666,0.000157645699054043,0.00159456981117326,0.0024487706001445,0.00791260394445882,0.000373220232931181,0.040007483751323,0.00511624840989955,0.000971479858959996,0.0125285776872664,5.7975644275554e-05,1.79222620088637e-08,1.79222620088637e-08,0.00516110920070904,1.71845558285784e-05,1.71845558285784e-05,1.71845558285784e-05,1.71845558285784e-05,4.18291469508392e-05,0.000456600350010963,0.00202666035825269,7.58057055240022e-05,0.186908815538653,0.00468102297656035,9.32781709076827e-10,6.16403823829633e-05,0.000174487794725383,4.637399315154e-05,5.95397787300468e-05,0.00773969917381716,0.0222656561622949,0.0222656561622949,0.0135993584739139,0.286784494077108,0.00201440578829615,3.55662632324653e-05,0.109258086494982,0.463004043679059,0.82719790118538
Kbtbd2,2.70273683592017e-08,0.0539897467164904,0.0527036530351175,0.0656774073036105,0.172027746329764,0.000993651724385654,0.000993651724385654,6.76455656601767e-05,6.76455656601767e-05,6.18733812208362e-07,0.000415464004970343,0.728227595935166,0.270174226695109,0.386579319335045,0.934100743026721,0.918541453374442,4.69529219762156e-07,0.0115957516418974,0.015418785700785,0.000760349106853716,1.11904600734869e-10,1,2.74562748543425e-06,2.74562748543425e-06,9.20568377312332e-05,0.00574799732400095,0.00574799732400095,0.00149322669551407,0.00246691079042847,0.00331569241152085,0.0255966568650303,0.00492954942736687,0.130655510988494,0.0754120834274914,0.0598090703459586,0.0375912130191248,1.43031752869183e-05,0.0001453948521174,0.0001453948521174,0.00690146288879451,4.18291469508392e-05,4.18291469508392e-05,4.18291469508392e-05,4.18291469508392e-05,4.18291469508392e-05,0.000968668654672856,0.00353038523425187,0.000109885407063199,0.171739934353584,0.0191780992233162,3.03352236345831e-06,0.0102317161645163,0.0102317161645163,2.52525142952371e-05,2.82776746258496e-05,0.0170818952868693,0.017691348643634,0.017691348643634,0.0243000617790192,0.340723884323787,0.00427103677975493,7.51402272898874e-06,0.0984883489089673,0.534514506292101,0.932622566237372
Alms1,0.000255272083075616,0.124535174465235,0.240361873030891,0.135577824307383,0.393788690251505,0.0749127117339892,0.0800484353535668,0.00855189123972884,0.0154662168481268,5.66540922218194e-06,0.000189797639720125,0.812651692208189,0.565286627644265,0.675803602322278,0.695421384566667,0.479133673046135,1.955706422632e-05,0.264676004913222,0.286743111406087,0.10459310231158,5.51431441177915e-07,2.74562748543425e-06,1,0.00640609171532338,0.0351415809001601,0.114076108923957,0.114076108923957,0.0280405217968691,0.188100934450276,0.149876310917178,0.205558721529319,0.0352923550585429,0.350416184074387,0.322343262166187,0.310237791861816,0.326839857606414,0.00808059107437558,0.020808778169066,0.020808778169066,0.119764895479222,0.0818380038523274,0.0818380038523274,0.0818380038523274,0.0818380038523274,0.0456919880571616,0.00157956146579391,0.00339437945090189,0.000157596828038308,0.115258418408561,0.0848113362423683,0.0178023239072694,0.243725383572387,0.321188329463019,0.00150818268787938,0.000580983701280705,0.0157271952122821,0.00537932423225022,0.00537932423225022,0.229690502143301,0.843013909507114,0.164740941867093,6.17549840445597e-05,0.263469711502915,0.789459188811154,0.651510322910391
Tprkb,0.000255272083075616,0.124535174465235,0.240361873030891,0.135577824307383,0.393788690251505,0.0749127117339892,0.0800484353535668,0.00855189123972884,0.0154662168481268,5.66540922218194e-06,0.000189797639720125,0.812651692208189,0.565286627644265,0.675803602322278,0.695421384566667,0.479133673046135,1.955706422632e-05,0.264676004913222,0.286743111406087,0.10459310231158,5.51431441177915e-07,2.74562748543425e-06,0.00640609171532338,1,0.0351415809001601,0.114076108923957,0.114076108923957,0.0280405217968691,0.188100934450276,0.149876310917178,0.205558721529319,0.0352923550585429,0.350416184074387,0.322343262166187,0.310237791861816,0.326839857606414,0.00808059107437558,0.020808778169066,0.020808778169066,0.119764895479222,0.0818380038523274,0.0818380038523274,0.0818380038523274,0.0818380038523274,0.0456919880571616,0.00157956146579391,0.00339437945090189,0.000157596828038308,0.115258418408561,0.0848113362423683,0.0178023239072694,0.243725383572387,0.321188329463019,0.00150818268787938,0.000580983701280705,0.0157271952122821,0.00537932423225022,0.00537932423225022,0.229690502143301,0.843013909507114,0.164740941867093,6.17549840445597e-05,0.263469711502915,0.789459188811154,0.651510322910391
Zfp9,0.00366869195158498,0.408072836119268,0.390634801941303,0.449841323090532,0.831067120507369,0.187479046634861,0.19687497744729,0.0533833718988598,0.0723400803483442,0.000109190948249695,0.00180425714208448,0.446287132830679,0.812651692208189,0.695421384566667,0.374008691802968,0.264351543324442,0.00338128379706814,0.315711163823556,0.515647576722873,0.114618017690138,2.7553058718413e-06,9.20568377312332e-05,0.0351415809001601,0.0351415809001601,1,0.170341674740986,0.170341674740986,0.0280405217968691,0.358217949632664,0.318260590440244,0.390909391943166,0.132552419998536,0.358325026002757,0.337152205831924,0.32731752860938,0.342548087828554,0.0341361116527095,0.0668984727979634,0.0668984727979634,0.119764895479222,0.217620231962113,0.217620231962113,0.217620231962113,0.217620231962113,0.140439250425176,0.00157956146579391,0.00339437945090189,0.00576145991262728,0.115258418408561,0.123599941762704,0.0959401272709295,0.528671374761981,0.60417737731553,0.0107557281760449,0.00988947051951734,0.0372293297119196,0.0249498262546548,0.0249498262546548,0.405420544486285,0.731236199178102,0.331767803880859,0.000733464201948391,0.753071728722404,0.788305855363398,0.351932715678554
Fkbp4,0.0217688141690807,0.697287481105477,0.426069795563563,0.62307032279237,0.547553922100614,0.274353366232394,0.289419413714054,0.182243306943544,0.214997076389596,0.0211032795528316,0.0399552355241836,0.164543984250448,0.164543984250448,0.137736477047028,0.137736477047028,0.0982289448718466,0.0657926002651376,0.366239591708887,0.861536173857112,0.0947614009797049,0.000464169021819666,0.00574799732400095,0.114076108923957,0.114076108923957,0.170341674740986,1,0.16747571966529,0.0210181875400704,0.45331379294705,0.433201000976458,0.551676187191569,0.323361921385449,0.323361921385449,0.295497106375089,0.284234225424045,0.333801591897456,0.185374447181066,0.163981529436033,0.163981529436033,0.112997254983331,0.459945128335627,0.459945128335627,0.459945128335627,0.459945128335627,0.327464513780962,0.00468621890882875,0.00749995642777904,0.0400092759696884,0.0628982067950038,0.123599941762704,0.303273738508224,0.794534347699657,0.870145711505813,0.0539446372459569,0.0444410533543639,0.0372293297119196,0.0249498262546548,0.0249498262546548,0.595178781667739,0.274093937614983,0.491225987469442,0.0568217244450828,0.321784359549732,0.312344454286857,0.107165728726497
Clec12a,0.0217688141690807,0.697287481105477,0.426069795563563,0.62307032279237,0.547553922100614,0.274353366232394,0.289419413714054,0.182243306943544,0.214997076389596,0.0211032795528316,0.0399552355241836,0.164543984250448,0.164543984250448,0.137736477047028,0.137736477047028,0.0982289448718466,0.0657926002651376,0.366239591708887,0.861536173857112,0.0947614009797049,0.000464169021819666,0.00574799732400095,0.114076108923957,0.114076108923957,0.170341674740986,0.16747571966529,1,0.0210181875400704,0.45331379294705,0.433201000976458,0.551676187191569,0.323361921385449,0.323361921385449,0.295497106375089,0.284234225424045,0.333801591897456,0.185374447181066,0.163981529436033,0.163981529436033,0.112997254983331,0.459945128335627,0.459945128335627,0.459945128335627,0.459945128335627,0.327464513780962,0.00468621890882875,0.00749995642777904,0.0400092759696884,0.0628982067950038,0.123599941762704,0.303273738508224,0.794534347699657,0.870145711505813,0.0539446372459569,0.0444410533543639,0.0372293297119196,0.0249498262546548,0.0249498262546548,0.595178781667739,0.274093937614983,0.491225987469442,0.0568217244450828,0.321784359549732,0.312344454286857,0.107165728726497
Tmtc1,0.355307490237424,0.183556022507611,0.941476536890602,0.157987756344018,0.107234982915753,0.834936252668098,0.874511505856342,0.72388647319842,0.728553657022075,0.613721896017076,0.761529323609846,0.148868140395049,0.148868140395049,0.131521912059516,0.131521912059516,0.00578041073331039,0.126411663418286,0.935727785525373,0.700851451641633,0.0969232298705338,0.000157645699054043,0.00149322669551407,0.0280405217968691,0.0280405217968691,0.0280405217968691,0.0210181875400704,0.0210181875400704,1,0.44487484305665,0.91856214855827,0.567969257905532,0.97028975721068,0.97028975721068,0.97028975721068,0.995970365180315,0.540075438041332,0.87525035857119,0.181145092418757,0.181145092418757,0.14238157994438,0.451821454697355,0.451821454697355,0.451821454697355,0.451821454697355,0.313209134800532,0.547990985818264,0.410302172295494,0.0642057681776301,0.0195507804721535,0.243048107890988,0.540016113774193,0.275643059527508,0.245147430833465,0.316058618917012,0.175903977772348,0.0772235920556522,0.181554709869773,0.181554709869773,0.932559796496579,0.173119563087839,0.933100125705892,0.261676548602114,0.541532931452374,0.0267115038500398,0.135996516756221
Crxos1,0.720772397834707,0.940200527088481,0.354736600368777,0.876251958676554,0.417159092131702,0.901912556914868,0.901912556914868,0.546274996564119,0.546274996564119,0.777398472614814,0.953761835532075,0.43013628801034,0.893640608916407,0.745287179500296,0.349760682696635,0.0449481991596818,0.0289007243042981,0.2607679552875,0.584180375470566,0.936179014155059,0.00159456981117326,0.00246691079042847,0.188100934450276,0.188100934450276,0.358217949632664,0.45331379294705,0.45331379294705,0.44487484305665,1,0.733194552630825,0.789930989658401,0.755340885689631,0.396860239709985,0.396860239709985,0.452345179988468,0.18237814973197,0.954863951885698,0.31346069440452,0.31346069440452,0.478483437424429,0.581988559207434,0.581988559207434,0.581988559207434,0.581988559207434,0.448131069232713,0.872857600120768,0.872650784059776,0.197316343819714,0.0155595974007361,0.720905977562912,0.373276393611933,0.234654320221782,0.220841611005114,0.628074425722642,0.495384180699027,0.381711495310539,0.461422463119648,0.461422463119648,0.82717340143423,0.270409073597211,0.769432641765074,0.0989142002396471,0.694580365024672,0.273665016142836,0.388951426742371
Herc2,0.314003789495046,0.658675508766816,0.878623659565601,0.722172542229817,0.741762246674932,0.808740602737391,0.83034993472528,0.925433904272736,0.925433904272736,0.44778208144071,0.587276081235691,0.434984931617673,0.893189196188707,0.766754571012634,0.390268015307474,0.0930329443114413,0.0375702822868973,0.662902321442499,0.883297651887298,0.705241776637537,0.0024487706001445,0.00331569241152085,0.149876310917178,0.149876310917178,0.318260590440244,0.433201000976458,0.433201000976458,0.91856214855827,0.733194552630825,1,0.750960496804153,0.900886335082892,0.640765500900672,0.643964493825714,0.760431448467488,0.596097364848893,0.51867613653993,0.282394735116432,0.282394735116432,0.46850787385809,0.566629859044307,0.566629859044307,0.566629859044307,0.566629859044307,0.436971490506911,0.748839842396056,0.7414794525969,0.125861466525314,0.0462022039750901,0.71450874141734,0.96831749564199,0.704716291781687,0.626262627071472,0.312833126763484,0.250055219437644,0.363686973416812,0.462392282293431,0.462392282293431,0.988777990120198,0.455880017572772,0.928544949377615,0.0314139754796023,0.575406270655613,0.543351234895043,0.376783331602128
Ttll13,0.158688986192616,0.440425468202147,0.753265405508608,0.570667405987131,0.952627773460767,0.706116319383892,0.724401691626369,0.473983237411191,0.473983237411191,0.366056310430454,0.533867555909094,0.531533186686811,0.802876143170578,0.718618070581805,0.470037267063524,0.316665655973713,0.021662727512001,0.888655301408746,0.826753303181512,0.494899793922604,0.00791260394445882,0.0255966568650303,0.205558721529319,0.205558721529319,0.390909391943166,0.551676187191569,0.551676187191569,0.567969257905532,0.789930989658401,0.750960496804153,1,0.863718180877667,0.838790059006362,0.845027427344609,0.945217341136914,0.835496471098771,0.174801448837015,0.515548282680283,0.515548282680283,0.544300126269737,0.585187490290471,0.585187490290471,0.585187490290471,0.585187490290471,0.46453731922838,0.55933940858942,0.591513208355119,0.271077179585368,0.185701683595347,0.921571344945922,0.288987022817236,0.71732065981985,0.844037544486104,0.178189648536484,0.26341244033403,0.576097718239404,0.63489456551959,0.63489456551959,0.91970374994163,0.69745126685616,0.75494085790941,0.0740596590556877,0.684236614641123,0.829915991503321,0.42128629621384
St5,0.493310005488525,0.864451547227385,0.951675705021779,0.995165836339538,0.571412562177256,0.903611991164801,0.884875462207083,0.801034107317382,0.801034107317382,0.584546591204623,0.807834011255912,0.550989054129315,0.791093291180275,0.765838078397505,0.514764021317011,0.289731302774405,0.021662727512001,0.772824175753856,0.837633870190234,0.489937018535339,0.000373220232931181,0.00492954942736687,0.0352923550585429,0.0352923550585429,0.132552419998536,0.323361921385449,0.323361921385449,0.97028975721068,0.755340885689631,0.900886335082892,0.863718180877667,1,0.537858075201373,0.515915487861064,0.600169734868609,0.765112947475656,0.478916999301186,0.273383435904538,0.273383435904538,0.186371167590215,0.498528376877179,0.498528376877179,0.498528376877179,0.498528376877179,0.378986803895688,0.818299493500159,0.882269383882662,0.233827308768487,0.106165146312796,0.932554228060939,0.927770480100975,0.913504359455225,0.818482718431989,0.323021114633746,0.41158773282885,0.576097718239404,0.625123275758139,0.625123275758139,0.891173582660095,0.489254033192889,0.88829347937284,0.0985186883006602,0.551200707387473,0.704766715530348,0.48312746455484
Acsm1,0.963059675834485,0.271246566447254,0.951675705021779,0.233918606258483,0.216741720008761,0.608986597893647,0.592539333414548,0.518467118213849,0.518467118213849,0.982089856448622,0.771805625126922,0.358786128498456,0.358786128498456,0.320782209420572,0.320782209420572,0.135342378843526,0.230662178505482,0.772824175753856,0.696780917135952,0.489937018535339,0.040007483751323,0.130655510988494,0.350416184074387,0.350416184074387,0.358325026002757,0.323361921385449,0.323361921385449,0.97028975721068,0.396860239709985,0.640765500900672,0.838790059006362,0.537858075201373,1,0.515915487861064,0.600169734868609,0.765112947475656,0.982297648415326,0.508296241577162,0.508296241577162,0.186371167590215,0.960606552288703,0.960606552288703,0.960606552288703,0.960606552288703,0.870247411680093,0.818299493500159,0.882269383882662,0.569432579780115,0.106165146312796,0.932554228060939,0.623022711895139,0.518120764683359,0.463501929536691,0.674148343050797,0.71645017459908,0.576097718239404,0.625123275758139,0.625123275758139,0.661998578735036,0.190130976068229,0.711995618114557,0.761160116483979,0.458197836592581,0.260698899037408,0.295247170019358
