,Arfgef1,Myo1b,Gm973,Cyp20a1,Cxcr1,Zp3r,Cacna1s,Atf6,Fmn2,Clic3,Pkn3,Lrrc55,Olfr1225,Lgr4,Mertk,Spinlw1,4930443G12Rik,Usp24,Akap9,Scarb1,Clcn1,Kbtbd2,Alms1,Tprkb,Zfp9,Fkbp4,Clec12a,Tmtc1,Crxos1,Herc2,Ttll13,St5,Acsm1,Acadsb,Muc5b,Efha2,Ntpcr,Dpy19l2,Ncapd3,Mpzl2,Mmp11,Ap3d1,Ric8b,Utp20,Ptprq,Osbp2,Abca13,Adamts2,Hic1,Plekhm1,Itgb1bp1,Fancm,Ppp1r36,Vmn1r200,Cntnap3,Naip1,Psme1,Dpysl2,2410089E03Rik,Zdhhc8,Dvl3,Prss41,Col11a2,Spink10,Olfr1475
Arfgef1,1,0.779183421967437,0.46405474522198,0.779183421967437,0.801438406140787,0.239767200575608,0.262530641885076,0.238243126359386,0.238243126359386,0.138743853417262,0.138743853417262,0.632837645769611,0.632837645769611,0.649766444770577,0.649766444770577,0.812187873958846,0.0053560148439945,0.696310278262013,0.220061380816017,0.786152031537561,0.00476918588002028,0.00204255298689741,0.0346502754169276,0.0346502754169276,0.0346502754169276,0.298209710457519,0.298209710457519,0.698832823694116,0.221867253163875,0.218227264039668,0.0322078144916893,0.209909452842177,0.709375193813002,0.724805994722271,0.669506081407928,0.492110997253057,0.109965703275136,0.0132784813151417,0.0132784813151417,0.0846011166350271,0.0408282108557433,0.0408282108557433,0.0408282108557433,0.0408282108557433,0.0346277635066774,0.324647257559183,0.378570386293303,0.0045314196922078,0.217609408631027,0.298089769858377,0.155761641638902,0.145932306621291,0.145932306621291,0.0781206126983701,0.0781206126983701,0.0867690001895014,0.0583719363338158,0.0583719363338158,0.178018593724542,0.773997911337477,0.239767200575608,0.0306705210610107,0.675554800833321,0.819478603978558,0.675554800833321
Myo1b,0.779183421967437,1,0.298241712504482,0.74887155647219,0.769651775234744,0.729767255719112,0.692997001148251,0.732321776235195,0.732321776235195,0.879778681999396,0.879778681999396,0.726239015527005,0.726239015527005,0.741399115038234,0.741399115038234,0.779600790797904,0.435896291371246,0.209299604888599,0.74887155647219,0.206121925512874,0.493943093602669,0.433356816030226,0.691723582491835,0.691723582491835,0.691723582491835,0.624799021227237,0.624799021227237,0.257149032272644,0.742007916290636,0.79863343906535,0.728361031094822,0.775790045644899,0.238704566076218,0.211672693138781,0.212860956683779,0.414113471745425,0.990113081384376,0.597018698286958,0.597018698286958,0.951039405963838,0.789602416495852,0.789602416495852,0.789602416495852,0.789602416495852,0.762095340238775,0.503702356581811,0.48643068855972,0.419299667546751,0.226877646537489,0.524963039076872,0.844876617393798,0.81332812923736,0.81332812923736,0.836166365951887,0.836166365951887,0.982605119681652,0.894732347999143,0.894732347999143,0.829278039248192,0.74408497099856,0.773169921123988,0.728824244640151,0.766329145646341,0.882709847706247,0.766329145646341
Gm973,0.46405474522198,0.298241712504482,1,0.298241712504482,0.298241712504482,0.684474066260231,0.740040405754611,0.740040405754611,0.740040405754611,0.642260638123274,0.818525220369025,0.181190187513381,0.181190187513381,0.186472113694745,0.186472113694745,0.0422271425033471,0.240300913667872,0.62995520690577,0.625112939167269,0.742943448445013,0.367942043051837,0.405358976014772,0.570906182358843,0.570906182358843,0.570906182358843,0.675925657249301,0.675925657249301,0.740673553253928,0.700261697306905,0.818256674540694,0.741871237541434,0.897024677590969,0.897024677590969,0.897024677590969,0.758508485627405,0.981557614747957,0.829450631070391,0.585649008320937,0.585649008320937,0.621028387354217,0.662584371795292,0.662584371795292,0.662584371795292,0.662584371795292,0.768880597841448,0.594259816868494,0.594259816868494,0.200562270421494,0.0341412308387411,0.508705205936672,0.870877976195276,0.870877976195276,0.870877976195276,0.518536542311411,0.334298680383837,0.266929613921372,0.329392117363989,0.329392117363989,0.856498642565282,0.096844973503523,0.723221170905351,0.336233489972503,0.368720172636534,0.0711121698818437,0.25630605490158
Cyp20a1,0.779183421967437,0.74887155647219,0.298241712504482,1,0.680868682136079,0.638084901411693,0.602488654526901,0.644905336001429,0.644905336001429,0.788482343955061,0.788482343955061,0.817976528656184,0.817976528656184,0.831361133751085,0.831361133751085,0.68664169132426,0.435896291371246,0.209299604888599,0.74887155647219,0.206121925512874,0.493943093602669,0.543669591814459,0.784164116149489,0.784164116149489,0.784164116149489,0.536721135262498,0.536721135262498,0.216943077195849,0.65413572666207,0.69844209925487,0.825124416587991,0.685374034228931,0.195013481923117,0.177164437688124,0.184301226040236,0.356672108350177,0.990113081384376,0.688920938235352,0.688920938235352,0.837796742039736,0.789602416495852,0.789602416495852,0.789602416495852,0.789602416495852,0.762095340238775,0.442487846265958,0.422133715266157,0.498828604667027,0.185254174653402,0.454323238548869,0.844876617393798,0.727122719718769,0.727122719718769,0.836166365951887,0.836166365951887,0.915377345104503,0.894732347999143,0.894732347999143,0.740785410897347,0.659286279610298,0.678784431294773,0.818264708055143,0.766329145646341,0.984653574686984,0.856498642565274
Cxcr1,0.801438406140787,0.769651775234744,0.298241712504482,0.680868682136079,1,0.680868682136079,0.623729511891829,0.623729511891829,0.623729511891829,0.825597998384386,0.825597998384386,0.797142798676619,0.797142798676619,0.815301989057351,0.815301989057351,0.707720289577117,0.435896291371246,0.165790869938207,0.769651775234744,0.181449264911665,0.43731026732847,0.481926269716955,0.768277384709095,0.768277384709095,0.768277384709095,0.547553922100614,0.547553922100614,0.216943077195849,0.65413572666207,0.721251509358602,0.803079487662344,0.699026791348095,0.184301226040236,0.184301226040236,0.184301226040236,0.325954859982915,0.990113081384376,0.707424428010236,0.707424428010236,0.796867501337582,0.810161687603845,0.810161687603845,0.810161687603845,0.810161687603845,0.779945490411151,0.401712391611147,0.401712391611147,0.476032469578741,0.199472578623003,0.432201059447214,0.81332812923736,0.727122719718769,0.727122719718769,0.810364637873979,0.810364637873979,0.929749064750775,0.889116340863019,0.889116340863019,0.77803704968165,0.633531702767807,0.722643239049322,0.843851146279741,0.751415610913468,0.990739040838379,0.843851146279741
Zp3r,0.239767200575608,0.729767255719112,0.684474066260231,0.638084901411693,0.680868682136079,1,0.385334977345862,0.383684409576177,0.383684409576177,0.321805940891635,0.269009552143899,0.977330598576871,0.977330598576871,0.993266326739119,0.993266326739119,0.54645139161308,0.0178702206939111,0.838396461393128,0.335033598547502,0.863219235364673,0.0142772820301901,0.0197806539563858,0.0600367750782861,0.0600367750782861,0.0600367750782861,0.445306900955941,0.445306900955941,0.950439006450225,0.338037173373003,0.255992337505429,0.0746324999127021,0.313177172112667,0.883841686976699,0.883841686976699,0.79947171969772,0.668601791698882,0.150223743547478,0.0645217722460232,0.0645217722460232,0.258469135029649,0.0721814134640064,0.0721814134640064,0.0721814134640064,0.0721814134640064,0.0551546823818864,0.636576896900681,0.674878571115073,0.0249287740970023,0.131965056899921,0.478846383106896,0.171189222480027,0.233991750246051,0.233991750246051,0.136145439167369,0.0913388361297185,0.176292929205719,0.166575727021783,0.166575727021783,0.340923638230298,0.520018921774608,0.346068082794103,0.0670630786251601,0.891536091122538,0.877345674802711,0.952751619497575
Cacna1s,0.262530641885076,0.692997001148251,0.740040405754611,0.602488654526901,0.623729511891829,0.385334977345862,1,0.331413249313394,0.331413249313394,0.321805940891635,0.269009552143899,0.98257226172185,0.98257226172185,0.9655120356224,0.9655120356224,0.510621411550751,0.0178702206939111,0.81925719578329,0.363599199036502,0.839909983964986,0.0142772820301901,0.0197806539563858,0.069477212176728,0.069477212176728,0.069477212176728,0.477263505851329,0.477263505851329,0.986744868341376,0.338037173373003,0.281807339983548,0.0859231275260556,0.339515829887583,0.922533579739827,0.945739722242776,0.857536510239586,0.704979877251958,0.171847544441892,0.0512805749788756,0.0512805749788756,0.244128561593485,0.0705812160815661,0.0705812160815661,0.0705812160815661,0.0705812160815661,0.0582052789651794,0.672386420303495,0.71136090184853,0.0301187006512781,0.114474754948397,0.459842297230229,0.190598123130155,0.256753928914923,0.256753928914923,0.15198239563019,0.10352868690033,0.195234602076692,0.168723076413077,0.168723076413077,0.340923638230298,0.522449104133479,0.405388734785511,0.0785970033190991,0.937406893918002,0.899141950773567,0.998825859860303
Atf6,0.238243126359386,0.732321776235195,0.740040405754611,0.644905336001429,0.623729511891829,0.383684409576177,0.331413249313394,1,0.331413249313394,0.301140348068695,0.244748885027206,0.974904512446605,0.974904512446605,0.990687050903923,0.990687050903923,0.566297405393229,0.0178702206939111,0.81925719578329,0.347205501301052,0.798528369345385,0.00713545122771852,0.0123361612143787,0.0635565503902206,0.0635565503902206,0.0635565503902206,0.449401216812521,0.449401216812521,0.986744868341376,0.338037173373003,0.277153015550245,0.0836283050464371,0.317999981987445,0.881182483579247,0.903040965771529,0.857536510239586,0.704979877251958,0.171847544441892,0.0512805749788756,0.0512805749788756,0.244128561593485,0.0705812160815661,0.0705812160815661,0.0705812160815661,0.0705812160815661,0.0582052789651794,0.672386420303495,0.672386420303495,0.030031488111165,0.129647275431227,0.426765722294799,0.190598123130155,0.256753928914923,0.256753928914923,0.135095625492939,0.0905368751804671,0.168723191311605,0.137652391237509,0.137652391237509,0.319100677558018,0.522449104133479,0.380872984157159,0.0785970033190991,0.895557267799868,0.899141950773567,0.952832553747593
Fmn2,0.238243126359386,0.732321776235195,0.740040405754611,0.644905336001429,0.623729511891829,0.383684409576177,0.331413249313394,0.331413249313394,1,0.301140348068695,0.244748885027206,0.974904512446605,0.974904512446605,0.990687050903923,0.990687050903923,0.566297405393229,0.0178702206939111,0.81925719578329,0.347205501301052,0.798528369345385,0.00713545122771852,0.0123361612143787,0.0635565503902206,0.0635565503902206,0.0635565503902206,0.449401216812521,0.449401216812521,0.986744868341376,0.338037173373003,0.277153015550245,0.0836283050464371,0.317999981987445,0.881182483579247,0.903040965771529,0.857536510239586,0.704979877251958,0.171847544441892,0.0512805749788756,0.0512805749788756,0.244128561593485,0.0705812160815661,0.0705812160815661,0.0705812160815661,0.0705812160815661,0.0582052789651794,0.672386420303495,0.672386420303495,0.030031488111165,0.129647275431227,0.426765722294799,0.190598123130155,0.256753928914923,0.256753928914923,0.135095625492939,0.0905368751804671,0.168723191311605,0.137652391237509,0.137652391237509,0.319100677558018,0.522449104133479,0.380872984157159,0.0785970033190991,0.895557267799868,0.899141950773567,0.952832553747593
Clic3,0.138743853417262,0.879778681999396,0.642260638123274,0.788482343955061,0.825597998384386,0.321805940891635,0.321805940891635,0.301140348068695,0.301140348068695,1,0.304636859256157,0.907438620492326,0.907438620492326,0.922988225397118,0.922988225397118,0.593635826673147,0.0168603451532447,0.738864234567395,0.301140348068694,0.659418012898501,0.00639335963263882,0.0107609269063698,0.0195414176336461,0.0195414176336461,0.0195414176336461,0.307404233048589,0.307404233048589,0.786128633784714,0.23823436749799,0.262521366734401,0.0725376351358135,0.274910671819787,0.817713466600913,0.817713466600913,0.599011812761123,0.790809047605373,0.0842718983311443,0.066017313817476,0.066017313817476,0.233402361462872,0.0144183712652642,0.0144183712652642,0.0144183712652642,0.0144183712652642,0.0194055151107278,0.758275827662188,0.798538122140335,0.0585324028943063,0.196439146034359,0.398173330817343,0.0603338464297922,0.129373566259943,0.129373566259943,0.173344438228109,0.0923200775193595,0.233407134396552,0.220388661523124,0.220388661523124,0.256099770659476,0.636727000076005,0.294756250903438,0.091396255695729,0.839195280180082,0.862925613290151,0.825091221742022
Pkn3,0.138743853417262,0.879778681999396,0.818525220369025,0.788482343955061,0.825597998384386,0.269009552143899,0.269009552143899,0.244748885027206,0.244748885027206,0.304636859256157,1,0.896172531397606,0.896172531397606,0.880393877916451,0.880393877916451,0.44548381836038,0.0475524253532196,0.934910374310785,0.427350523083193,0.956421076021079,0.0377772725798235,0.0531432689831105,0.0939358989702751,0.0939358989702751,0.0939358989702751,0.46611786854865,0.46611786854865,0.978417218581664,0.437366191056783,0.470277588032337,0.182033650284939,0.471205177231234,0.887973866343214,0.887973866343214,0.94162891789847,0.988656348509765,0.20974991113339,0.125425935345082,0.125425935345082,0.37560508406099,0.0645538827843278,0.0645538827843278,0.0645538827843278,0.0645538827843278,0.0788064684761609,0.665827080449455,0.708827873680473,0.0402261977192831,0.110164204827676,0.64630604406768,0.17167573508628,0.283228993568113,0.283228993568113,0.12742832755023,0.0923200775193595,0.463232874034213,0.422338697302283,0.422338697302283,0.205062446561704,0.725247453941207,0.43737219506517,0.0698965050476126,0.744312494842407,0.672374635038986,0.975070213868653
Lrrc55,0.632837645769611,0.726239015527005,0.181190187513381,0.817976528656184,0.797142798676619,0.977330598576871,0.98257226172185,0.974904512446605,0.974904512446605,0.907438620492326,0.896172531397606,1,0.384832614087058,0.384832614087058,0.384832614087058,0.384832614087058,0.885585395227322,0.105505647173123,0.484416826377703,0.135217556861487,0.955098073651194,0.862965509097244,0.662846954944664,0.662846954944664,0.662846954944664,0.146573847210445,0.146573847210445,0.131549025093032,0.50442415978408,0.52482697305434,0.514789891337487,0.797282264818223,0.259820548864779,0.246151976303925,0.298505919775072,0.219971611480961,0.865929694220864,0.671027042829366,0.671027042829366,0.265101144132772,0.652184484255209,0.652184484255209,0.652184484255209,0.652184484255209,0.606026997140948,0.710756535571903,0.669071657267015,0.641978960736593,0.106697106827121,0.22425883672691,0.72933321870361,0.614683264130745,0.614683264130745,0.510349872063485,0.368593879273908,0.559323626079229,0.524083406213246,0.524083406213246,0.754361937899727,0.672400991324474,0.482230677413201,0.979524754996651,0.756373191209043,0.804625773395456,0.510151129627441
Olfr1225,0.632837645769611,0.726239015527005,0.181190187513381,0.817976528656184,0.797142798676619,0.977330598576871,0.98257226172185,0.974904512446605,0.974904512446605,0.907438620492326,0.896172531397606,0.384832614087058,1,0.384832614087058,0.384832614087058,0.384832614087058,0.885585395227322,0.105505647173123,0.484416826377703,0.135217556861487,0.955098073651194,0.862965509097244,0.662846954944664,0.662846954944664,0.662846954944664,0.146573847210445,0.146573847210445,0.131549025093032,0.50442415978408,0.52482697305434,0.514789891337487,0.797282264818223,0.259820548864779,0.246151976303925,0.298505919775072,0.219971611480961,0.865929694220864,0.671027042829366,0.671027042829366,0.265101144132772,0.652184484255209,0.652184484255209,0.652184484255209,0.652184484255209,0.606026997140948,0.710756535571903,0.669071657267015,0.641978960736593,0.106697106827121,0.22425883672691,0.72933321870361,0.614683264130745,0.614683264130745,0.510349872063485,0.368593879273908,0.559323626079229,0.524083406213246,0.524083406213246,0.754361937899727,0.672400991324474,0.482230677413201,0.979524754996651,0.756373191209043,0.804625773395456,0.510151129627441
Lgr4,0.649766444770577,0.741399115038234,0.186472113694745,0.831361133751085,0.815301989057351,0.993266326739119,0.9655120356224,0.990687050903923,0.990687050903923,0.922988225397118,0.880393877916451,0.384832614087058,0.384832614087058,1,0.338667684867324,0.338667684867324,0.908613687009591,0.111211882815167,0.450292293115392,0.141031308587349,0.940688586813774,0.854610774488904,0.648439508799915,0.648439508799915,0.648439508799915,0.140222608823256,0.140222608823256,0.131120781753188,0.50442415978408,0.52482697305434,0.514789891337487,0.797282264818223,0.259820548864779,0.246151976303925,0.298505919775072,0.219971611480961,0.85365611207874,0.660441444454679,0.660441444454679,0.269543953441916,0.646383993988053,0.646383993988053,0.646383993988053,0.646383993988053,0.601528255105095,0.694985882468622,0.648723191981018,0.647402090458419,0.106697106827121,0.215800736084055,0.72933321870361,0.614683264130745,0.614683264130745,0.518102700256815,0.388163147898187,0.545594324196919,0.524083406213246,0.524083406213246,0.736093824946473,0.653723229670294,0.457041525310874,0.995921147591289,0.72969270682878,0.794187125141336,0.484410156381343
Mertk,0.649766444770577,0.741399115038234,0.186472113694745,0.831361133751085,0.815301989057351,0.993266326739119,0.9655120356224,0.990687050903923,0.990687050903923,0.922988225397118,0.880393877916451,0.384832614087058,0.384832614087058,0.338667684867324,1,0.338667684867324,0.908613687009591,0.111211882815167,0.450292293115392,0.141031308587349,0.940688586813774,0.854610774488904,0.648439508799915,0.648439508799915,0.648439508799915,0.140222608823256,0.140222608823256,0.131120781753188,0.50442415978408,0.52482697305434,0.514789891337487,0.797282264818223,0.259820548864779,0.246151976303925,0.298505919775072,0.219971611480961,0.85365611207874,0.660441444454679,0.660441444454679,0.269543953441916,0.646383993988053,0.646383993988053,0.646383993988053,0.646383993988053,0.601528255105095,0.694985882468622,0.648723191981018,0.647402090458419,0.106697106827121,0.215800736084055,0.72933321870361,0.614683264130745,0.614683264130745,0.518102700256815,0.388163147898187,0.545594324196919,0.524083406213246,0.524083406213246,0.736093824946473,0.653723229670294,0.457041525310874,0.995921147591289,0.72969270682878,0.794187125141336,0.484410156381343
Spinlw1,0.812187873958846,0.779600790797904,0.0422271425033471,0.68664169132426,0.707720289577117,0.54645139161308,0.510621411550751,0.566297405393229,0.566297405393229,0.593635826673147,0.44548381836038,0.384832614087058,0.384832614087058,0.338667684867324,0.338667684867324,1,0.872314512106651,0.0128178706795245,0.108334048813074,0.0198105954310663,0.940688586813774,0.89806110014204,0.678026148052986,0.678026148052986,0.678026148052986,0.149319819429176,0.149319819429176,0.0185769033321814,0.190151427747441,0.190472584895725,0.534839624256517,0.391950945520395,0.0732410243135797,0.0716108419839259,0.101217087944469,0.0523977185354417,0.420122919426506,0.694717700806403,0.694717700806403,0.269543953441916,0.646383993988053,0.646383993988053,0.646383993988053,0.646383993988053,0.601528255105095,0.312015628470341,0.27830247751718,0.591918524683312,0.00860333960057285,0.228968427496981,0.324576972549974,0.246188722279709,0.246188722279709,0.98774489466561,0.812986236645293,0.572411948401305,0.567968654898951,0.567968654898951,0.322957269536376,0.275203744792802,0.143155712115875,0.952742485674277,0.752438383526666,0.375513473652107,0.496644625435504
4930443G12Rik,0.0053560148439945,0.435896291371246,0.240300913667872,0.435896291371246,0.435896291371246,0.0178702206939111,0.0178702206939111,0.0178702206939111,0.0178702206939111,0.0168603451532447,0.0475524253532196,0.885585395227322,0.885585395227322,0.908613687009591,0.908613687009591,0.872314512106651,1,0.399495196148695,0.0857870008831303,0.292226363368796,0.0116935351338173,0.00817260297112285,0.0375702822868974,0.0375702822868974,0.0375702822868974,0.399495196148695,0.399495196148695,0.397561410313124,0.0289007243042981,0.0375702822868973,0.021662727512001,0.021662727512001,0.230662178505482,0.230662178505482,0.230662178505482,0.399495196148695,0.0116935351338173,0.0850657867408814,0.0850657867408814,0.276220470305112,0.0475524253532196,0.0475524253532196,0.0475524253532196,0.0475524253532196,0.0289007243042981,0.0877780859826897,0.0877780859826897,0.00431739989316962,0.361920639930612,0.292226363368796,0.021662727512001,0.021662727512001,0.021662727512001,0.00290830047767453,0.000810579157591752,0.191927068242983,0.137495172792541,0.137495172792541,0.00290830047767453,0.508346547512516,0.0857870008831303,0.0178702206939111,0.540902619158946,0.654897518723801,0.872314512106651
Usp24,0.696310278262013,0.209299604888599,0.62995520690577,0.209299604888599,0.165790869938207,0.838396461393128,0.81925719578329,0.81925719578329,0.81925719578329,0.738864234567395,0.934910374310785,0.105505647173123,0.105505647173123,0.111211882815167,0.111211882815167,0.0128178706795245,0.399495196148695,1,0.425669283187111,0.611914370804224,0.301440161455793,0.405358976014772,0.780761186801333,0.780761186801333,0.780761186801333,0.881169061483576,0.881169061483576,0.525646365880088,0.562968023599977,0.662902321442499,0.888655301408746,0.928966020288407,0.928966020288407,0.900072827580462,0.972940806692373,0.756776748454988,0.784050686336163,0.709561445276467,0.709561445276467,0.51703364001241,0.854448813812829,0.854448813812829,0.854448813812829,0.854448813812829,0.943357769358098,0.550057138394194,0.550057138394194,0.185659361870659,0.00180968238238963,0.610548896125695,0.606873909484271,0.539139585433578,0.539139585433578,0.502380141060252,0.307143181785953,0.250309208388271,0.240885779295516,0.240885779295516,0.892365078350686,0.0676824070151089,0.483254451763353,0.452459939603524,0.279361247770765,0.0589805288703791,0.152029969841653
Akap9,0.220061380816017,0.74887155647219,0.625112939167269,0.74887155647219,0.769651775234744,0.335033598547502,0.363599199036502,0.347205501301052,0.347205501301052,0.301140348068694,0.427350523083193,0.484416826377703,0.484416826377703,0.450292293115392,0.450292293115392,0.108334048813074,0.0857870008831303,0.425669283187111,1,0.480595624083277,0.121389616795331,0.121257085507309,0.280362790113844,0.280362790113844,0.280362790113844,0.927486844903908,0.927486844903908,0.557627340939024,0.814193402412898,0.761509479875127,0.372644011351119,0.510890346407981,0.845257522013919,0.822036500271236,0.971717332344971,0.74853619253793,0.51867613653993,0.242417254839285,0.242417254839285,0.650111432607369,0.30983839147614,0.30983839147614,0.30983839147614,0.30983839147614,0.375349650118683,0.578470529900862,0.61550010375742,0.0233573834891473,0.0128172883650144,0.72587118465199,0.549698064418378,0.549603707585864,0.549603707585864,0.136376977699294,0.0952862879144066,0.340572306267218,0.391956862086729,0.391956862086729,0.547554153351647,0.308194630139102,0.843701168145644,0.0805195603720096,0.681307828273204,0.390631675863572,0.541859262484884
Scarb1,0.786152031537561,0.206121925512874,0.742943448445013,0.206121925512874,0.181449264911665,0.863219235364673,0.839909983964986,0.798528369345385,0.798528369345385,0.659418012898501,0.956421076021079,0.135217556861487,0.135217556861487,0.141031308587349,0.141031308587349,0.0198105954310663,0.292226363368796,0.611914370804224,0.480595624083277,1,0.524007955339958,0.548067470295567,0.859347939277878,0.859347939277878,0.859347939277878,0.859347939277878,0.859347939277878,0.569249447996776,0.586256513283972,0.634397074989533,0.937926501734124,0.887044625749884,0.887044625749884,0.861818827839442,0.943005966222676,0.897141575360288,0.756234223497475,0.641988774619847,0.641988774619847,0.522449104133479,0.893328444307309,0.893328444307309,0.893328444307309,0.893328444307309,0.902300043103826,0.412598303958079,0.479260835423711,0.174819493381173,0.00638086239321145,0.629350651452026,0.606873909484271,0.539139585433578,0.539139585433578,0.478710313236063,0.461063607274041,0.282282711011366,0.283941714904761,0.283941714904761,0.952588160621724,0.0928579111617771,0.569241884584836,0.383490285005433,0.31042436625269,0.082365833755455,0.168589771692271
Clcn1,0.00476918588002028,0.493943093602669,0.367942043051837,0.493943093602669,0.43731026732847,0.0142772820301901,0.0142772820301901,0.00713545122771852,0.00713545122771852,0.00639335963263882,0.0377772725798235,0.955098073651194,0.955098073651194,0.940688586813774,0.940688586813774,0.940688586813774,0.0116935351338173,0.301440161455793,0.121389616795331,0.524007955339958,1,0.121257085507309,0.101557433188078,0.101557433188078,0.101557433188078,0.504689942100602,0.504689942100602,0.41814966554433,0.0725072378069421,0.110295263564856,0.0888553402242631,0.0239710136128578,0.235601213368884,0.235601213368884,0.140213741418968,0.41814966554433,0.0687382228718142,0.0859295374915593,0.0859295374915593,0.492072064442248,0.0859295374915593,0.0859295374915593,0.0859295374915593,0.0859295374915593,0.0801283514158606,0.0636653508033717,0.114753630435302,0.0123355662061031,0.267511964793268,0.226553851345041,0.0026331095933189,0.0026331095933189,0.0026331095933189,0.00899959837027955,0.00899959837027955,0.249408939054524,0.226553851345041,0.226553851345041,0.0547468247453121,0.707334753614319,0.125849950224245,0.00713545122771852,0.793522293970648,0.970449498607673,0.913058712048357
Kbtbd2,0.00204255298689741,0.433356816030226,0.405358976014772,0.543669591814459,0.481926269716955,0.0197806539563858,0.0197806539563858,0.0123361612143787,0.0123361612143787,0.0107609269063698,0.0531432689831105,0.862965509097244,0.862965509097244,0.854610774488904,0.854610774488904,0.89806110014204,0.00817260297112285,0.405358976014772,0.121257085507309,0.548067470295567,0.121257085507309,1,0.16460831155493,0.16460831155493,0.16460831155493,0.614153240839489,0.614153240839489,0.568542694791799,0.0981901111702177,0.145429143664153,0.159086488368556,0.0606901236519094,0.358474121732937,0.358474121732937,0.294689395595249,0.517049382826354,0.0382395331210916,0.147439988392339,0.147439988392339,0.568542694791799,0.0801283514158606,0.0801283514158606,0.0801283514158606,0.0801283514158606,0.0801283514158606,0.0906133168638124,0.150141025113538,0.0197806539563858,0.224824880791442,0.348633356089088,0.0316666903912229,0.0844150378193615,0.0844150378193615,0.00204255298689741,0.00316517833273852,0.303063865789414,0.192517404368327,0.192517404368327,0.0809435927825062,0.792999102370473,0.168650885212391,0.0123361612143787,0.740018926405274,0.911485008150852,0.871985376969681
Alms1,0.0346502754169276,0.691723582491835,0.570906182358843,0.784164116149489,0.768277384709095,0.0600367750782861,0.069477212176728,0.0635565503902206,0.0635565503902206,0.0195414176336461,0.0939358989702751,0.662846954944664,0.662846954944664,0.648439508799915,0.648439508799915,0.678026148052986,0.0375702822868974,0.780761186801333,0.280362790113844,0.859347939277878,0.101557433188078,0.16460831155493,1,0.296332328491264,0.296332328491264,0.889397278535473,0.889397278535473,0.907714789799803,0.352338498871713,0.310630928629964,0.310630928629964,0.137773889596548,0.581727534612747,0.602710253060753,0.560087861958125,0.63796271857878,0.13612235508612,0.211577939637858,0.211577939637858,0.57090618235884,0.286537124295008,0.286537124295008,0.286537124295008,0.286537124295008,0.296950319915561,0.0803316644927479,0.114629377447919,0.0060914983393686,0.158358931757017,0.626432825831576,0.203578785015693,0.270210165402099,0.270210165402099,0.00639422846762731,0.0058963845768023,0.289486800074028,0.184516629938189,0.184516629938189,0.142330720779217,0.906552284868191,0.35853265632992,0.0463956991096898,0.97734676271323,0.989844717499707,0.642260638123274
Tprkb,0.0346502754169276,0.691723582491835,0.570906182358843,0.784164116149489,0.768277384709095,0.0600367750782861,0.069477212176728,0.0635565503902206,0.0635565503902206,0.0195414176336461,0.0939358989702751,0.662846954944664,0.662846954944664,0.648439508799915,0.648439508799915,0.678026148052986,0.0375702822868974,0.780761186801333,0.280362790113844,0.859347939277878,0.101557433188078,0.16460831155493,0.296332328491264,1,0.296332328491264,0.889397278535473,0.889397278535473,0.907714789799803,0.352338498871713,0.310630928629964,0.310630928629964,0.137773889596548,0.581727534612747,0.602710253060753,0.560087861958125,0.63796271857878,0.13612235508612,0.211577939637858,0.211577939637858,0.57090618235884,0.286537124295008,0.286537124295008,0.286537124295008,0.286537124295008,0.296950319915561,0.0803316644927479,0.114629377447919,0.0060914983393686,0.158358931757017,0.626432825831576,0.203578785015693,0.270210165402099,0.270210165402099,0.00639422846762731,0.0058963845768023,0.289486800074028,0.184516629938189,0.184516629938189,0.142330720779217,0.906552284868191,0.35853265632992,0.0463956991096898,0.97734676271323,0.989844717499707,0.642260638123274
Zfp9,0.0346502754169276,0.691723582491835,0.570906182358843,0.784164116149489,0.768277384709095,0.0600367750782861,0.069477212176728,0.0635565503902206,0.0635565503902206,0.0195414176336461,0.0939358989702751,0.662846954944664,0.662846954944664,0.648439508799915,0.648439508799915,0.678026148052986,0.0375702822868974,0.780761186801333,0.280362790113844,0.859347939277878,0.101557433188078,0.16460831155493,0.296332328491264,0.296332328491264,1,0.889397278535473,0.889397278535473,0.907714789799803,0.352338498871713,0.310630928629964,0.310630928629964,0.137773889596548,0.581727534612747,0.602710253060753,0.560087861958125,0.63796271857878,0.13612235508612,0.211577939637858,0.211577939637858,0.57090618235884,0.286537124295008,0.286537124295008,0.286537124295008,0.286537124295008,0.296950319915561,0.0803316644927479,0.114629377447919,0.0060914983393686,0.158358931757017,0.626432825831576,0.203578785015693,0.270210165402099,0.270210165402099,0.00639422846762731,0.0058963845768023,0.289486800074028,0.184516629938189,0.184516629938189,0.142330720779217,0.906552284868191,0.35853265632992,0.0463956991096898,0.97734676271323,0.989844717499707,0.642260638123274
Fkbp4,0.298209710457519,0.624799021227237,0.675925657249301,0.536721135262498,0.547553922100614,0.445306900955941,0.477263505851329,0.449401216812521,0.449401216812521,0.307404233048589,0.46611786854865,0.146573847210445,0.146573847210445,0.140222608823256,0.140222608823256,0.149319819429176,0.399495196148695,0.881169061483576,0.927486844903908,0.859347939277878,0.504689942100602,0.614153240839489,0.889397278535473,0.889397278535473,0.889397278535473,1,0.985014963513541,0.996184017767125,0.95629025146488,0.880019055135727,0.880019055135727,0.581727534612747,0.581727534612747,0.602710253060753,0.560087861958125,0.731236671562809,0.581728525872329,0.807552524633782,0.807552524633782,0.675925657249301,0.847898277175856,0.847898277175856,0.847898277175856,0.847898277175856,0.853560807039428,0.136207781122126,0.169763868739711,0.17303232912005,0.126211378224406,0.626432825831576,0.702004204573414,0.820916874547272,0.820916874547272,0.162771110894868,0.110592851843476,0.289486800074028,0.184516629938189,0.184516629938189,0.662229721322995,0.267631220620029,0.953908418052707,0.394423190467732,0.33527723837414,0.321811295036108,0.125874500283917
Clec12a,0.298209710457519,0.624799021227237,0.675925657249301,0.536721135262498,0.547553922100614,0.445306900955941,0.477263505851329,0.449401216812521,0.449401216812521,0.307404233048589,0.46611786854865,0.146573847210445,0.146573847210445,0.140222608823256,0.140222608823256,0.149319819429176,0.399495196148695,0.881169061483576,0.927486844903908,0.859347939277878,0.504689942100602,0.614153240839489,0.889397278535473,0.889397278535473,0.889397278535473,0.985014963513541,1,0.996184017767125,0.95629025146488,0.880019055135727,0.880019055135727,0.581727534612747,0.581727534612747,0.602710253060753,0.560087861958125,0.731236671562809,0.581728525872329,0.807552524633782,0.807552524633782,0.675925657249301,0.847898277175856,0.847898277175856,0.847898277175856,0.847898277175856,0.853560807039428,0.136207781122126,0.169763868739711,0.17303232912005,0.126211378224406,0.626432825831576,0.702004204573414,0.820916874547272,0.820916874547272,0.162771110894868,0.110592851843476,0.289486800074028,0.184516629938189,0.184516629938189,0.662229721322995,0.267631220620029,0.953908418052707,0.394423190467732,0.33527723837414,0.321811295036108,0.125874500283917
Tmtc1,0.698832823694116,0.257149032272644,0.740673553253928,0.216943077195849,0.216943077195849,0.950439006450225,0.986744868341376,0.986744868341376,0.986744868341376,0.786128633784714,0.978417218581664,0.131549025093032,0.131549025093032,0.131120781753188,0.131120781753188,0.0185769033321814,0.397561410313124,0.525646365880088,0.557627340939024,0.569249447996776,0.41814966554433,0.568542694791799,0.907714789799803,0.907714789799803,0.907714789799803,0.996184017767125,0.996184017767125,1,0.515368302231532,0.575445272537216,0.954829554911913,0.887126866160895,0.887126866160895,0.887126866160895,0.927113092548574,0.701439393295427,0.829450631070391,0.881161177936088,0.881161177936088,0.761495751387049,0.866415397304979,0.866415397304979,0.866415397304979,0.866415397304979,0.872119690259488,0.567202552695061,0.567202552695061,0.196504963777475,0.0198434111329897,0.669353334247412,0.684706302488725,0.605538131176515,0.605538131176515,0.489711111356463,0.391913575786903,0.292726477120559,0.181554709869773,0.181554709869773,0.85766085688776,0.0461493890688799,0.51034987206348,0.488130064752059,0.291879089889533,0.0542740703381106,0.130096714755571
Crxos1,0.221867253163875,0.742007916290636,0.700261697306905,0.65413572666207,0.65413572666207,0.338037173373003,0.338037173373003,0.338037173373003,0.338037173373003,0.23823436749799,0.437366191056783,0.50442415978408,0.50442415978408,0.50442415978408,0.50442415978408,0.190151427747441,0.0289007243042981,0.562968023599977,0.814193402412898,0.586256513283972,0.0725072378069421,0.0981901111702177,0.352338498871713,0.352338498871713,0.352338498871713,0.95629025146488,0.95629025146488,0.515368302231532,1,0.922811361206301,0.467179954506659,0.600350422879295,0.758519522340719,0.758519522340719,0.856866599455535,0.662909879549788,0.562743071683943,0.256937636060135,0.256937636060135,0.663400941184831,0.298361277109041,0.298361277109041,0.298361277109041,0.298361277109041,0.33379748839875,0.589743311656417,0.589743311656417,0.0170098859138814,0.0216979390528325,0.720905977562912,0.613814348198053,0.733855916078042,0.733855916078042,0.105354615322581,0.0680786851373921,0.381711495310539,0.321791081155341,0.321791081155341,0.492539532308573,0.330325589641233,0.866065241990092,0.0929217164713033,0.80268729800168,0.42977358931847,0.560437603200122
Herc2,0.218227264039668,0.79863343906535,0.818256674540694,0.69844209925487,0.721251509358602,0.255992337505429,0.281807339983548,0.277153015550245,0.277153015550245,0.262521366734401,0.470277588032337,0.52482697305434,0.52482697305434,0.52482697305434,0.52482697305434,0.190472584895725,0.0375702822868973,0.662902321442499,0.761509479875127,0.634397074989533,0.110295263564856,0.145429143664153,0.310630928629964,0.310630928629964,0.310630928629964,0.880019055135727,0.880019055135727,0.575445272537216,0.922811361206301,1,0.331589562197116,0.494811385242907,0.833085000111998,0.814351331751932,0.965692347905507,0.79363960463977,0.51867613653993,0.229663064752426,0.229663064752426,0.650118845251655,0.296950319915561,0.296950319915561,0.296950319915561,0.296950319915561,0.331331269143622,0.529322642405856,0.565683346876798,0.0076482341365888,0.0263867634271472,0.71450874141734,0.549214392909779,0.65653454508617,0.65653454508617,0.106699723981233,0.0753418701150018,0.363686973416812,0.352504238468488,0.352504238468488,0.527247406114452,0.35170609218643,0.843373997484269,0.0213393663553483,0.865927470919726,0.49652895803399,0.602208921150615
Ttll13,0.0322078144916893,0.728361031094822,0.741871237541434,0.825124416587991,0.803079487662344,0.0746324999127021,0.0859231275260556,0.0836283050464371,0.0836283050464371,0.0725376351358135,0.182033650284939,0.514789891337487,0.514789891337487,0.514789891337487,0.514789891337487,0.534839624256517,0.021662727512001,0.888655301408746,0.372644011351119,0.937926501734124,0.0888553402242631,0.159086488368556,0.310630928629964,0.310630928629964,0.310630928629964,0.880019055135727,0.880019055135727,0.954829554911913,0.467179954506659,0.331589562197116,1,0.186046826702591,0.723096790943993,0.752718658544852,0.610563393094255,0.713586796110938,0.174801448837015,0.240053061366795,0.240053061366795,0.626335256642164,0.296043022239351,0.296043022239351,0.296043022239351,0.296043022239351,0.357288556370175,0.207350712298678,0.236770762114276,0.020607539477792,0.136142409071012,0.765708217210692,0.231800870703307,0.30342246077661,0.30342246077661,0.00777300032919902,0.0037336129083986,0.352515524865108,0.378114144864307,0.378114144864307,0.216511122917082,0.736017814568669,0.406751722908794,0.0607684079825318,0.846749043197878,0.896693544026844,0.593580654573928
St5,0.209909452842177,0.775790045644899,0.897024677590969,0.685374034228931,0.699026791348095,0.313177172112667,0.339515829887583,0.317999981987445,0.317999981987445,0.274910671819787,0.471205177231234,0.797282264818223,0.797282264818223,0.797282264818223,0.797282264818223,0.391950945520395,0.021662727512001,0.928966020288407,0.510890346407981,0.887044625749884,0.0239710136128578,0.0606901236519094,0.137773889596548,0.137773889596548,0.137773889596548,0.581727534612747,0.581727534612747,0.887126866160895,0.600350422879295,0.494811385242907,0.186046826702591,1,0.779645680684212,0.762399591972369,0.914832407552869,0.881182483579247,0.238467711751819,0.0983641733890255,0.0983641733890255,0.321808460275128,0.138267791676508,0.138267791676508,0.138267791676508,0.138267791676508,0.180737376513888,0.534853752655628,0.582646468251207,0.020607539477792,0.0788580182139912,0.765708217210692,0.341525225398681,0.429103947851833,0.429103947851833,0.101485786608648,0.071250390279271,0.352515524865108,0.353248468520061,0.353248468520061,0.318932017714572,0.593613949969409,0.545889802122591,0.071112235889767,0.794524411821522,0.740109634560715,0.915842341259945
Acsm1,0.709375193813002,0.238704566076218,0.897024677590969,0.195013481923117,0.184301226040236,0.883841686976699,0.922533579739827,0.881182483579247,0.881182483579247,0.817713466600913,0.887973866343214,0.259820548864779,0.259820548864779,0.259820548864779,0.259820548864779,0.0732410243135797,0.230662178505482,0.928966020288407,0.845257522013919,0.887044625749884,0.235601213368884,0.358474121732937,0.581727534612747,0.581727534612747,0.581727534612747,0.581727534612747,0.581727534612747,0.887126866160895,0.758519522340719,0.833085000111998,0.723096790943993,0.779645680684212,1,0.762399591972369,0.914832407552869,0.881182483579247,0.796013490163649,0.461198269928968,0.461198269928968,0.321808460275128,0.567018002672426,0.567018002672426,0.567018002672426,0.567018002672426,0.647058433016379,0.534853752655628,0.582646468251207,0.223849601748974,0.0788580182139912,0.765708217210692,0.933748268229969,0.942664008062046,0.942664008062046,0.477197185488729,0.394368594693729,0.352515524865108,0.353248468520061,0.353248468520061,0.881068106409288,0.151578306686729,0.821939974091495,0.434888226724064,0.516180767072765,0.212684852456337,0.334905611628449
